Score
4.8478565573581882
4.6651133902368054
4.4060248674228131
4.2553337493568177
4.1882770959479
4.178243714308258
4.1307700623249994
4.0171514969086957
3.9156846058180976
3.8862467051844303
3.8236587627561494
3.6050794139877493
3.600683583949186
3.56006704694688
3.5594712950883332
3.5573107994039597
3.5230824733535631
3.5064423058515053
3.4874642962580014
3.4180121929259455
3.4154747681190885
3.3125235380122189
3.3075634129204463
3.3004455059154396
3.2143174154852461
3.2095186306167434
3.1995379213104918
3.1685013954211394
3.1638853620813778
3.1205893913921052
3.0483771647044593
3.0476489160022244
2.9763122646453324
2.9659664689745489
2.9148676464833971
2.8503968943275062
2.8141059920693574
2.8103461618748842
2.7777711731992838
2.6785556792284924
2.6537417238909318
2.6537417238909318
2.6076244331283003
2.5699228636676255
2.5386199942937306
2.5234384568188668
2.4381811287389343
2.3879725568485606
2.3683372535451328
2.3613874784582856
2.3594578424215249
2.3365899925574425
2.3237546789839461
2.245960867664496
2.228852324089404
2.193436809169055
2.1027416446372116
2.1009208273549458
2.0836462091472878
2.0722312156043392
1.9726103530530752
1.9659406712905518
1.944667906587374
1.9380048318078398
1.8823053792541926
1.8652759934659437
1.8580854462185248
1.8515782622506416
1.8389869831548731
1.7585070810044872
1.7215109155008532
1.7095603604635776
1.692848383724487
1.6845213644302892
1.6641696619933326
1.6262978558751371
1.6189030920668459
1.5982675914695192
1.5738967704457392
1.5681481410548792
1.5462813694541164
1.5439038720731146
1.518886204801094
1.5183825443160799
1.4318785405536816
1.4046373941875414
1.3134362766593952
1.2804034957332244
1.2777310954337433
1.2745493181277183
1.2672617864025448
1.2601828811916655
1.2038452520695404
1.0843244000623211
1.0022717476477103
1.0009120607571818
0.90056400673977577
0.84921186732991649
0.78071408129443332
0.75074202603018514
0.74455309246767643
0.62118691955447591
0.53025308342652122
0.50777304955253744
0.50777304955253744
0.49641895480623383